0,533
0,472
109,6
109,5
109,4
118,2
118,5
118,4
119,35
118,1
118,3
10,159
10,35
10,125
10,27
10,187
10,287
10,307
10,139
10,2
10,3
11,17
11,7
11,21
11,15
11,27
11,2
11,3
9,5
9,7
9,3
8,17
8,7
8,11
8,13
8,16
8,5
12,2
12,1
12,3
20,2
20,1
20,3
19,2
19,1
19,3
116,5
116,4
116,3
116,2
116,1
116,0
113,3
113,2
113,1
113,0
112,4
112,3
112,2
112,1
112,0
110,3
110,2
110,1
110,0
109,3
109,2
109,1
109,0
106,3
106,2
106,1
106,0
105,3
105,2
105,1
105,0
104,4
104,3
104,2
104,1
104,0
103,4
103,3
103,2
103,1
103,0
101,4
101,3
101,2
101,1
101,0
99,4
99,3
99,2
99,1
99,0
97,4
97,3
97,2
97,1
97,0
95,3
95,2
95,1
95,0
89,5
89,4
89,3
89,2
89,1
89,0
86,3
86,2
86,1
86,0
85,4
85,1
85,3
14,4
11,16
11,12
11,1
